$ANSIBLE_VAULT;1.1;AES256
39336461353836336265356232366439616163623164343433333733663364623962303664626162
3339623130663866373866313035393339386261316564620a613236666631366435343436613039
61333230643664616236613433333061323330333932623266303462343433363435386337363864
3533383639393439380a333637316339323131333364313936363935653832623734646165316639
35636661326431353039363564323561306666633835383131343839313433386239386230326130
30656166316131346165323566333533656662363065633033333632383762623433636334613866
63646464376162393166616665306463626237346464306339333963653966383030663032626664
35313462663837363865346538396630383335363436336439613461653638336361363637383439
32373836376430316362353438313033373463313434663136343261343164663038316465656465
32316132613164306232333338646266303163383461656261373830393634343963343132373366
62633333333532393333356532633064356534373138373866623337353063373935303231346231
33663966373038353233633537663562383561316166363865656162376430356562633463313064
39386536326330356337633665663030663234623936363537343033383063316434306634343664
63373839626164613261616332323763306461613436663934363232356561386464363839653463
32336564303564363037323232386537653933323564303137623636613831326332336437656166
33386335323932653731316638343330323661326161346662306434376664336437323365356633
63343333393537343464653030356535666437646239323866336632323737656137623131636663
64643635346531613539393530386139353865663036373531323462336138393661303533356465
64613834323038383939343733663632613664666164643334636130316132613461613636643164
30353933646637343237653932326631636231353933356136333435633532613331316230626261
62383465366663303565383538616139633164323033323836636566336232363639613432363735
61636264656236613164633838653465373439663732666233303135383639633735306234313933
33396434663764623238313363646334643966323630363436663030313835616537626639333939
32366566626133613132653564333233613337393136643638353632333566386166613835363530
62643938356134303936396366376439613834323736323635343861303532616332633530643761
3761623162363036636433633434303630636262366362653234
