$ANSIBLE_VAULT;1.1;AES256
39303961303262393066393661646262313231363330653661623332303764626630613665383737
6430316662353861663964353861663661623664343232300a393632613665373063653064643538
32313761643431386463663664653865303234313639363130363862326335323762653663646363
3165303532356531640a373664343832353133653865326362626633613133393537393437663734
32646665366164333366343964363164656265633737626535613762386336616533633839376531
64396331656132656466626435343765383435646235396438333535643565373537663736663664
38623139666162666665366338313331336162363963373961393965333762623430623238376661
39313536316335643965386330336637376238386531333663663639623738346232643865393934
33653337393935333039646362643432306161306565343166353366646332333565396364303938
37316166366436386664313666646536323863313332373634373135376630336466396632626564
38363161626335653336363631393432343963636130393564383239613331643662333866306632
61653965333330646364373839333065633235393232396637356536633130383662626430353565
66663831626463386163616162616163616437313433343138623463383166313161343732303462
63306136313562343739363436346134643034623639623939303530643864666634363465356134
37383763316438656332346135623666396362343861346263626635326538343930373230383163
31376164663362383861653830636263656530386439316266313063383566313831653233663230
64633031636432356536613039393461393963316334653234646335653538653033363637626233
38613461393235666433326362393532613463396235656364393264623831643638393061626236
63346639343437326433373565633732663937353333373064653438633438373131303933616465
34656132383261346433326330393161646333306631303866303430363435366563396262313965
30353863643037643762646231313265333732643666363566343539306364633536343062613466
61633735373462353031353030666565316366316236393362643866633332383833333265653538
37663939393666306162343930383637373961613338613333303732636664633765373139376131
35356261356638616636323937313162306266386532373936303639323335613362313231616566
30646235613463333861326663316134373634383730646434396234663665626431373737623738
6133633062646663646235333565323031306633306233303738
